BENCH OUTPUTS
generated_at: 2026-01-12T22:32:21.541936
root: D:\HUST 2022-2026\TULKH\Optimization-Final-Semester\greedy
tests_dir: D:\HUST 2022-2026\TULKH\Optimization-Final-Semester\greedy\testcases
repeats: 5
timeout_s: 600
python: C:\Python312\python.exe
================================================================================

================================================================================
[TESTCASE=data_size_20.txt] [SCRIPT=local_greedy.py] [REP=1]
returncode: 0
runtime_seconds: 30.062970
wall_seconds: 30.062970
parsed_seconds: None
--------------------------------------------------------------------------------
[STDOUT]
287
20
6 4 7 4 2 1 9 6 8 8 9 2 3 6 4 1 5 8 9 1
9
2 4 7 6 8 9 3 5 1
[STDERR]


================================================================================
[TESTCASE=data_size_20.txt] [SCRIPT=local_greedy.py] [REP=2]
returncode: 0
runtime_seconds: 30.053873
wall_seconds: 30.053873
parsed_seconds: None
--------------------------------------------------------------------------------
[STDOUT]
287
20
1 2 7 2 5 9 4 1 6 6 4 5 3 1 2 9 8 6 4 9
9
5 2 7 1 6 4 3 8 9
[STDERR]


================================================================================
[TESTCASE=data_size_20.txt] [SCRIPT=local_greedy.py] [REP=3]
returncode: 0
runtime_seconds: 30.044320
wall_seconds: 30.044320
parsed_seconds: None
--------------------------------------------------------------------------------
[STDOUT]
287
20
6 5 3 5 4 9 8 6 7 7 8 4 1 6 5 9 2 7 8 9
9
4 5 3 6 7 8 1 2 9
[STDERR]


================================================================================
[TESTCASE=data_size_20.txt] [SCRIPT=local_greedy.py] [REP=4]
returncode: 0
runtime_seconds: 30.042489
wall_seconds: 30.042489
parsed_seconds: None
--------------------------------------------------------------------------------
[STDOUT]
287
20
9 5 6 5 4 2 8 9 1 1 8 4 3 9 5 2 7 1 8 2
9
4 5 6 9 1 8 3 7 2
[STDERR]


================================================================================
[TESTCASE=data_size_20.txt] [SCRIPT=local_greedy.py] [REP=5]
returncode: 0
runtime_seconds: 30.042084
wall_seconds: 30.042084
parsed_seconds: None
--------------------------------------------------------------------------------
[STDOUT]
287
20
3 6 2 6 4 7 8 3 1 1 8 4 5 3 6 7 9 1 8 7
9
4 6 2 3 1 8 5 9 7
[STDERR]


================================================================================
[TESTCASE=data_size_20.txt] [SCRIPT=multi_greedy.py] [REP=1]
returncode: 0
runtime_seconds: 0.385171
wall_seconds: 0.385171
parsed_seconds: None
--------------------------------------------------------------------------------
[STDOUT]
20
2 6 7 6 9 3 8 2 1 1 8 9 4 2 6 3 5 1 8 3
9
9 6 7 2 1 8 4 5 3
287
[STDERR]


================================================================================
[TESTCASE=data_size_20.txt] [SCRIPT=multi_greedy.py] [REP=2]
returncode: 0
runtime_seconds: 0.367424
wall_seconds: 0.367424
parsed_seconds: None
--------------------------------------------------------------------------------
[STDOUT]
20
9 7 3 7 1 8 5 9 4 4 5 1 6 9 7 8 2 4 5 8
9
1 7 3 9 4 5 6 2 8
287
[STDERR]


================================================================================
[TESTCASE=data_size_20.txt] [SCRIPT=multi_greedy.py] [REP=3]
returncode: 0
runtime_seconds: 0.358662
wall_seconds: 0.358662
parsed_seconds: None
--------------------------------------------------------------------------------
[STDOUT]
20
1 9 2 9 4 3 7 1 6 6 7 4 8 1 9 3 5 6 7 3
9
4 9 2 1 6 7 8 5 3
287
[STDERR]


================================================================================
[TESTCASE=data_size_20.txt] [SCRIPT=multi_greedy.py] [REP=4]
returncode: 0
runtime_seconds: 0.364803
wall_seconds: 0.364803
parsed_seconds: None
--------------------------------------------------------------------------------
[STDOUT]
20
7 1 3 1 5 6 9 7 8 8 9 5 4 7 1 6 2 8 9 6
9
5 1 3 7 8 9 4 2 6
287
[STDERR]


================================================================================
[TESTCASE=data_size_20.txt] [SCRIPT=multi_greedy.py] [REP=5]
returncode: 0
runtime_seconds: 0.359680
wall_seconds: 0.359680
parsed_seconds: None
--------------------------------------------------------------------------------
[STDOUT]
20
1 3 4 3 2 6 7 1 8 8 7 2 5 1 3 6 9 8 7 6
9
2 3 4 1 8 7 5 9 6
287
[STDERR]


================================================================================
[TESTCASE=data_size_25.txt] [SCRIPT=local_greedy.py] [REP=1]
returncode: 0
runtime_seconds: 30.042889
wall_seconds: 30.042889
parsed_seconds: None
--------------------------------------------------------------------------------
[STDOUT]
369
25
3 5 5 9 10 5 2 8 11 10 6 11 9 8 11 6 8 1 9 1 1 6 7 4 3
11
3 8 10 11 5 9 4 1 7 2 6
[STDERR]


================================================================================
[TESTCASE=data_size_25.txt] [SCRIPT=local_greedy.py] [REP=2]
returncode: 0
runtime_seconds: 30.040365
wall_seconds: 30.040365
parsed_seconds: None
--------------------------------------------------------------------------------
[STDOUT]
369
25
2 10 10 8 9 10 11 5 7 9 3 7 8 5 7 3 2 4 8 4 4 3 6 1 2
11
2 5 9 7 10 8 1 4 6 11 3
[STDERR]


================================================================================
[TESTCASE=data_size_25.txt] [SCRIPT=local_greedy.py] [REP=3]
returncode: 0
runtime_seconds: 30.040946
wall_seconds: 30.040946
parsed_seconds: None
--------------------------------------------------------------------------------
[STDOUT]
369
25
2 6 6 10 11 6 1 8 5 11 4 5 10 8 5 4 8 9 10 9 9 4 7 3 2
11
2 8 11 5 6 10 3 9 7 1 4
[STDERR]


================================================================================
[TESTCASE=data_size_25.txt] [SCRIPT=local_greedy.py] [REP=4]
returncode: 0
runtime_seconds: 30.037985
wall_seconds: 30.037985
parsed_seconds: None
--------------------------------------------------------------------------------
[STDOUT]
359
25
11 8 8 4 7 8 6 2 9 7 10 9 3 2 9 10 11 5 4 5 5 10 1 6 11
11
11 2 7 9 8 4 6 5 1 3 10
[STDERR]


================================================================================
[TESTCASE=data_size_25.txt] [SCRIPT=local_greedy.py] [REP=5]
returncode: 0
runtime_seconds: 30.039364
wall_seconds: 30.039364
parsed_seconds: None
--------------------------------------------------------------------------------
[STDOUT]
360
25
5 8 8 9 11 8 3 10 6 11 1 6 3 10 6 1 10 2 9 2 2 1 7 4 5
11
5 10 11 6 8 9 4 2 7 3 1
[STDERR]


================================================================================
[TESTCASE=data_size_25.txt] [SCRIPT=multi_greedy.py] [REP=1]
returncode: 0
runtime_seconds: 0.547080
wall_seconds: 0.547080
parsed_seconds: None
--------------------------------------------------------------------------------
[STDOUT]
25
11 2 2 4 5 2 3 1 7 5 9 7 6 1 7 9 1 8 4 8 8 9 10 3 11
11
11 1 5 7 2 4 3 8 10 6 9
359
[STDERR]


================================================================================
[TESTCASE=data_size_25.txt] [SCRIPT=multi_greedy.py] [REP=2]
returncode: 0
runtime_seconds: 0.503618
wall_seconds: 0.503618
parsed_seconds: None
--------------------------------------------------------------------------------
[STDOUT]
25
8 2 2 11 4 2 7 5 1 4 6 1 11 5 1 6 5 9 11 9 9 10 10 3 8
11
8 5 4 1 2 11 3 9 10 7 6
364
[STDERR]


================================================================================
[TESTCASE=data_size_25.txt] [SCRIPT=multi_greedy.py] [REP=3]
returncode: 0
runtime_seconds: 0.512864
wall_seconds: 0.512864
parsed_seconds: None
--------------------------------------------------------------------------------
[STDOUT]
25
5 6 6 9 1 6 8 10 4 1 3 4 8 10 4 3 5 11 9 11 9 2 2 7 5
11
5 10 1 4 6 9 7 11 2 8 3
354
[STDERR]


================================================================================
[TESTCASE=data_size_25.txt] [SCRIPT=multi_greedy.py] [REP=4]
returncode: 0
runtime_seconds: 0.510106
wall_seconds: 0.510106
parsed_seconds: None
--------------------------------------------------------------------------------
[STDOUT]
25
8 4 4 2 1 4 6 11 3 1 10 3 2 9 3 10 8 5 2 5 5 7 7 6 8
11
8 9 1 3 4 2 6 5 7 0 10
356
[STDERR]


================================================================================
[TESTCASE=data_size_25.txt] [SCRIPT=multi_greedy.py] [REP=5]
returncode: 0
runtime_seconds: 0.520823
wall_seconds: 0.520823
parsed_seconds: None
--------------------------------------------------------------------------------
[STDOUT]
25
5 1 10 11 6 1 7 4 9 6 2 9 11 4 9 2 4 3 11 3 3 2 7 8 5
11
5 4 6 9 1 11 8 3 7 0 2
352
[STDERR]


================================================================================
[TESTCASE=data_size_50.txt] [SCRIPT=local_greedy.py] [REP=1]
returncode: 0
runtime_seconds: 30.058130
wall_seconds: 30.058130
parsed_seconds: None
--------------------------------------------------------------------------------
[STDOUT]
676
50
10 9 0 6 0 8 7 8 0 4 6 16 14 3 6 15 9 16 2 12 4 13 1 17 2 14 2 1 5 0 3 17 0 0 7 1 13 11 0 15 14 12 17 5 11 0 5 16 4 3
20
17 8 3 10 16 10 6 1 7 16 13 15 12 2 2 14 11 5 9 4
[STDERR]


================================================================================
[TESTCASE=data_size_50.txt] [SCRIPT=local_greedy.py] [REP=2]
returncode: 0
runtime_seconds: 30.041932
wall_seconds: 30.041932
parsed_seconds: None
--------------------------------------------------------------------------------
[STDOUT]
669
50
13 10 0 17 2 4 11 12 0 0 5 8 4 3 5 16 0 8 15 12 9 17 13 6 15 14 15 7 1 0 3 10 16 5 11 7 0 16 0 9 0 12 6 1 14 2 1 8 9 3
20
6 4 3 6 8 13 5 7 11 8 17 2 12 15 15 2 14 1 10 9
[STDERR]


================================================================================
[TESTCASE=data_size_50.txt] [SCRIPT=local_greedy.py] [REP=3]
returncode: 0
runtime_seconds: 30.040598
wall_seconds: 30.040598
parsed_seconds: None
--------------------------------------------------------------------------------
[STDOUT]
673
50
0 0 11 11 6 16 15 17 0 0 5 4 8 16 5 9 2 9 3 17 10 13 1 12 14 0 14 8 3 16 8 12 9 5 15 1 13 0 2 10 0 17 12 7 0 6 3 4 10 13
20
12 9 8 16 4 13 5 1 15 4 11 6 17 14 14 6 7 3 2 10
[STDERR]


================================================================================
[TESTCASE=data_size_50.txt] [SCRIPT=local_greedy.py] [REP=4]
returncode: 0
runtime_seconds: 30.040385
wall_seconds: 30.040385
parsed_seconds: None
--------------------------------------------------------------------------------
[STDOUT]
662
50
0 0 0 15 9 14 2 0 9 2 15 16 7 14 15 13 4 16 3 5 8 11 10 12 3 0 3 7 17 1 11 12 13 7 10 2 6 1 4 8 5 6 12 17 0 0 17 16 8 11
20
12 13 11 14 16 6 15 2 5 16 10 9 0 3 3 7 0 17 4 8
[STDERR]


================================================================================
[TESTCASE=data_size_50.txt] [SCRIPT=local_greedy.py] [REP=5]
returncode: 0
runtime_seconds: 30.042748
wall_seconds: 30.042748
parsed_seconds: None
--------------------------------------------------------------------------------
[STDOUT]
647
50
0 15 14 14 16 3 11 17 12 11 6 1 13 3 6 0 0 1 8 17 7 15 10 4 8 13 9 9 5 3 9 4 0 6 0 11 0 2 10 7 13 17 4 0 5 16 0 1 7 12
20
4 16 9 3 12 10 6 11 2 1 14 5 17 8 8 13 2 0 15 7
[STDERR]


================================================================================
[TESTCASE=data_size_50.txt] [SCRIPT=multi_greedy.py] [REP=1]
returncode: 0
runtime_seconds: 1.768045
wall_seconds: 1.768045
parsed_seconds: None
--------------------------------------------------------------------------------
[STDOUT]
50
2 7 12 7 0 14 11 0 9 11 5 12 6 14 9 12 1 3 4 0 17 15 2 10 4 3 4 6 1 14 15 9 5 6 0 11 16 0 13 17 0 0 10 8 3 0 8 16 17 15
20
10 9 15 14 5 2 7 11 13 0 16 1 12 4 4 6 3 8 13 17
639
[STDERR]


================================================================================
[TESTCASE=data_size_50.txt] [SCRIPT=multi_greedy.py] [REP=2]
returncode: 0
runtime_seconds: 1.747816
wall_seconds: 1.747816
parsed_seconds: None
--------------------------------------------------------------------------------
[STDOUT]
50
11 0 6 7 0 16 1 14 0 1 7 10 4 15 7 5 12 5 2 14 13 3 11 0 2 0 9 4 12 16 9 0 17 4 0 1 15 17 17 13 0 14 0 8 15 10 5 10 13 3
20
6 5 3 16 9 11 7 1 17 10 6 12 14 2 2 4 8 8 3 13
624
[STDERR]


================================================================================
[TESTCASE=data_size_50.txt] [SCRIPT=multi_greedy.py] [REP=3]
returncode: 0
runtime_seconds: 1.765433
wall_seconds: 1.765433
parsed_seconds: None
--------------------------------------------------------------------------------
[STDOUT]
50
1 15 16 6 14 3 10 8 0 0 6 7 3 16 6 12 15 7 11 8 9 2 1 5 11 0 11 4 13 0 2 12 17 0 10 4 0 17 16 9 0 8 5 13 0 14 13 7 9 2
20
12 3 2 5 7 1 6 4 10 7 0 10 8 11 11 14 0 13 15 9
635
[STDERR]


================================================================================
[TESTCASE=data_size_50.txt] [SCRIPT=multi_greedy.py] [REP=4]
returncode: 0
runtime_seconds: 1.742467
wall_seconds: 1.742467
parsed_seconds: None
--------------------------------------------------------------------------------
[STDOUT]
50
12 11 12 15 0 15 10 8 0 2 17 12 9 6 17 4 3 4 5 8 7 11 16 1 13 9 13 0 3 0 6 11 4 17 10 2 0 0 16 7 9 8 1 14 0 0 5 0 7 6
20
5 4 6 1 12 16 17 2 10 0 15 3 8 13 13 9 14 5 11 7
626
[STDERR]


================================================================================
[TESTCASE=data_size_50.txt] [SCRIPT=multi_greedy.py] [REP=5]
returncode: 0
runtime_seconds: 1.766140
wall_seconds: 1.766140
parsed_seconds: None
--------------------------------------------------------------------------------
[STDOUT]
50
2 0 7 10 6 0 3 11 0 3 10 5 1 0 10 7 13 5 14 11 15 4 2 12 14 0 14 1 16 0 4 9 9 1 8 3 17 0 13 15 0 17 12 16 0 6 16 5 15 4
20
7 9 4 12 5 2 10 3 8 5 8 6 11 14 14 1 0 16 13 15
630
[STDERR]


================================================================================
[TESTCASE=data_size_80.txt] [SCRIPT=local_greedy.py] [REP=1]
returncode: 0
runtime_seconds: 30.040078
wall_seconds: 30.040078
parsed_seconds: None
--------------------------------------------------------------------------------
[STDOUT]
1050
80
9 2 23 8 31 35 10 14 32 33 0 28 1 23 21 0 17 35 11 12 34 8 26 11 25 6 0 15 14 9 17 8 15 4 15 20 30 30 22 16 33 3 5 25 4 32 18 25 22 29 16 31 5 31 32 11 28 20 0 33 24 12 12 13 0 3 26 19 27 5 34 0 0 0 7 9 20 2 7 27
42
29 15 21 6 26 11 3 12 25 28 7 10 16 20 34 5 1 13 8 10 32 23 21 17 24 22 35 4 27 18 2 35 26 33 31 1 14 2 22 29 14 19
[STDERR]


================================================================================
[TESTCASE=data_size_80.txt] [SCRIPT=local_greedy.py] [REP=2]
returncode: 0
runtime_seconds: 30.044954
wall_seconds: 30.044954
parsed_seconds: None
--------------------------------------------------------------------------------
[STDOUT]
990
80
11 7 28 15 25 8 0 32 27 29 11 17 3 31 30 13 8 12 2 17 12 1 0 2 34 21 22 6 10 30 7 14 6 30 6 10 24 24 1 19 1 4 5 34 16 3 0 27 31 23 26 25 5 25 0 33 18 33 28 20 11 29 9 21 15 32 35 0 33 26 19 16 0 0 9 0 14 0 35 35
42
23 6 20 28 8 2 15 27 34 18 35 13 26 14 19 5 24 13 15 17 10 23 33 8 5 1 12 16 9 20 21 22 27 29 25 9 4 10 3 22 7 31
[STDERR]


================================================================================
[TESTCASE=data_size_80.txt] [SCRIPT=local_greedy.py] [REP=3]
returncode: 0
runtime_seconds: 30.051446
wall_seconds: 30.051446
parsed_seconds: None
--------------------------------------------------------------------------------
[STDOUT]
987
80
17 21 0 6 15 2 0 0 7 0 30 34 28 22 5 0 35 2 27 23 24 17 14 34 18 21 13 8 10 33 19 19 32 33 14 35 5 20 30 25 0 16 20 16 19 14 32 18 0 15 25 0 20 7 8 23 26 35 22 27 0 11 4 0 6 3 22 4 23 1 24 3 1 11 29 3 12 9 31 31
42
29 13 28 21 15 34 26 7 18 34 31 27 25 35 8 1 5 22 30 27 14 29 10 17 19 21 2 33 31 32 9 2 3 11 12 6 1 10 28 13 24 4
[STDERR]


================================================================================
[TESTCASE=data_size_80.txt] [SCRIPT=local_greedy.py] [REP=4]
returncode: 0
runtime_seconds: 30.054775
wall_seconds: 30.054775
parsed_seconds: None
--------------------------------------------------------------------------------
[STDOUT]
1031
80
9 21 29 34 8 18 4 0 14 20 3 10 13 1 15 16 2 0 3 0 5 24 27 23 4 22 20 31 26 9 0 1 30 28 30 23 33 33 0 6 24 18 0 10 26 17 2 10 24 31 12 8 29 8 14 19 5 7 28 7 3 26 34 6 11 25 27 0 32 19 15 25 19 31 5 9 35 21 32 11
42
12 30 7 4 27 32 25 20 10 17 5 16 29 23 15 34 33 28 2 30 14 1 22 18 1 24 0 26 32 12 21 16 35 27 8 13 19 20 17 31 9 22
[STDERR]


================================================================================
[TESTCASE=data_size_80.txt] [SCRIPT=local_greedy.py] [REP=5]
returncode: 0
runtime_seconds: 30.056564
wall_seconds: 30.056564
parsed_seconds: None
--------------------------------------------------------------------------------
[STDOUT]
1006
80
12 5 28 1 31 10 22 33 12 33 34 21 0 17 33 28 14 10 21 0 5 12 22 35 23 3 16 5 26 26 27 11 13 0 35 15 20 9 18 24 18 2 32 23 9 35 0 23 18 14 24 0 32 0 8 13 4 2 28 15 8 25 1 0 0 30 17 0 13 29 19 30 29 7 34 27 0 6 25 25
42
34 16 22 19 31 21 4 7 23 35 20 21 24 14 11 1 9 17 28 15 8 11 3 12 32 18 5 26 25 20 6 10 30 17 31 1 2 6 13 16 27 29
[STDERR]


================================================================================
[TESTCASE=data_size_80.txt] [SCRIPT=multi_greedy.py] [REP=1]
returncode: 0
runtime_seconds: 7.550819
wall_seconds: 7.550819
parsed_seconds: None
--------------------------------------------------------------------------------
[STDOUT]
80
0 6 30 8 10 25 15 0 16 3 16 11 1 30 7 22 14 25 21 12 35 31 10 29 34 6 0 21 20 0 9 9 33 24 29 13 11 0 31 4 3 8 32 34 27 29 33 34 13 14 20 23 32 23 21 18 0 27 24 3 16 27 0 0 8 28 26 0 17 18 13 2 18 0 19 2 35 5 17 19
42
16 1 7 17 26 10 28 2 34 29 19 22 4 14 13 32 1 24 8 11 20 30 7 9 12 6 25 4 27 33 5 15 2 3 23 21 18 5 31 26 35 0
979
[STDERR]


================================================================================
[TESTCASE=data_size_80.txt] [SCRIPT=multi_greedy.py] [REP=2]
returncode: 0
runtime_seconds: 7.932938
wall_seconds: 7.932938
parsed_seconds: None
--------------------------------------------------------------------------------
[STDOUT]
80
15 33 8 21 12 17 30 28 5 22 22 0 5 26 24 4 16 17 32 35 0 27 12 19 1 20 7 1 2 29 33 23 11 34 11 9 14 31 6 13 6 3 25 31 10 5 27 7 6 13 2 0 25 0 32 29 33 4 4 22 0 10 35 20 3 18 26 30 29 28 13 23 35 8 31 18 9 0 0 14
42
34 1 24 21 12 4 11 7 0 18 14 0 8 9 13 21 16 26 3 30 2 0 24 15 25 6 17 23 10 11 20 17 18 22 15 32 28 19 5 1 28 27
991
[STDERR]


================================================================================
[TESTCASE=data_size_80.txt] [SCRIPT=multi_greedy.py] [REP=3]
returncode: 0
runtime_seconds: 7.540839
wall_seconds: 7.540839
parsed_seconds: None
--------------------------------------------------------------------------------
[STDOUT]
80
27 17 23 33 0 24 9 0 7 3 27 14 20 15 3 6 5 24 0 14 4 5 0 2 1 17 29 4 10 13 21 31 15 13 2 26 34 35 20 22 0 33 30 30 31 2 5 0 26 23 7 23 30 28 0 8 0 6 6 16 32 15 18 11 33 25 10 18 9 8 22 19 8 0 29 25 17 0 12 12
42
7 1 16 9 32 6 33 19 1 2 12 34 22 26 4 30 35 11 5 14 10 23 3 21 28 31 16 13 12 34 11 24 25 15 27 29 8 10 20 0 17 18
1001
[STDERR]


================================================================================
[TESTCASE=data_size_80.txt] [SCRIPT=multi_greedy.py] [REP=4]
returncode: 0
runtime_seconds: 6.540485
wall_seconds: 6.540485
parsed_seconds: None
--------------------------------------------------------------------------------
[STDOUT]
80
28 12 0 1 30 25 8 19 9 19 9 24 34 0 21 25 15 31 20 0 16 31 5 10 11 7 28 27 14 26 17 17 18 22 10 13 24 33 31 35 21 1 20 11 3 10 18 11 23 27 14 3 33 0 27 2 0 32 32 13 9 19 7 6 1 0 4 33 8 2 35 0 15 29 0 23 0 12 4 4
42
9 6 34 8 30 5 1 19 11 10 4 24 35 32 21 15 3 6 1 16 14 0 7 17 17 3 13 26 20 18 12 25 5 29 22 20 2 28 23 28 14 7
1010
[STDERR]


================================================================================
[TESTCASE=data_size_80.txt] [SCRIPT=multi_greedy.py] [REP=5]
returncode: 0
runtime_seconds: 7.214850
wall_seconds: 7.214850
parsed_seconds: None
--------------------------------------------------------------------------------
[STDOUT]
80
24 15 14 30 12 25 0 31 8 20 20 17 11 30 26 0 29 25 17 10 15 24 12 9 35 6 33 1 31 26 0 13 3 32 9 28 34 0 11 21 26 4 5 35 13 16 21 35 19 18 8 23 14 7 1 2 22 4 27 20 8 10 10 6 30 0 16 0 3 19 21 13 19 1 22 0 2 7 33 29
42
8 4 0 34 12 17 22 10 35 9 5 33 14 28 1 14 23 27 11 27 16 18 5 24 0 15 15 13 29 34 6 25 2 20 32 7 4 28 3 16 31 19
1020
[STDERR]


================================================================================
[TESTCASE=data_size_100.txt] [SCRIPT=local_greedy.py] [REP=1]
returncode: 0
runtime_seconds: 30.054355
wall_seconds: 30.054355
parsed_seconds: None
--------------------------------------------------------------------------------
[STDOUT]
1369
100
13 42 4 0 22 30 21 16 30 27 43 35 24 32 14 25 45 30 0 6 9 43 1 39 26 0 23 36 17 31 20 31 26 39 8 18 13 31 3 7 15 22 47 0 32 47 3 11 9 25 11 0 12 39 45 46 27 41 1 33 23 19 20 10 8 21 35 9 14 45 19 10 20 12 19 24 4 5 16 5 12 28 2 37 7 35 34 38 40 28 29 46 33 3 34 44 41 6 16 43
55
40 7 32 47 2 28 4 26 32 10 36 13 14 26 27 41 33 1 3 8 1 6 5 19 24 43 45 38 31 47 16 12 9 35 15 42 29 21 23 25 37 46 44 15 40 22 11 18 5 39 18 44 34 17 24
[STDERR]


================================================================================
[TESTCASE=data_size_100.txt] [SCRIPT=local_greedy.py] [REP=2]
returncode: 0
runtime_seconds: 30.059167
wall_seconds: 30.059167
parsed_seconds: None
--------------------------------------------------------------------------------
[STDOUT]
1353
100
26 14 40 46 10 33 10 38 29 2 37 29 23 9 44 8 45 32 7 18 33 10 28 11 35 8 13 30 0 41 45 5 35 11 31 4 16 17 5 43 28 17 39 0 18 12 14 25 34 22 32 47 39 11 27 0 2 23 6 1 42 19 42 0 13 7 27 15 19 20 24 37 9 21 3 33 40 41 38 12 21 34 36 46 44 45 16 43 36 4 22 30 8 47 32 4 24 9 0 0
55
47 46 43 39 28 10 40 5 25 23 22 16 44 24 3 18 6 13 20 30 24 34 8 17 2 32 1 43 41 12 35 21 31 29 40 15 19 7 27 42 14 26 38 14 36 33 6 4 20 11 37 45 26 41 23
[STDERR]


================================================================================
[TESTCASE=data_size_100.txt] [SCRIPT=local_greedy.py] [REP=3]
returncode: 0
runtime_seconds: 30.057657
wall_seconds: 30.057657
parsed_seconds: None
--------------------------------------------------------------------------------
[STDOUT]
1335
100
32 7 4 38 15 6 37 42 23 9 27 24 3 0 0 30 45 25 13 18 33 8 2 32 40 21 7 19 28 39 47 6 41 10 31 26 32 15 17 36 30 29 22 27 18 22 17 20 39 12 20 11 1 34 11 7 23 0 4 2 33 16 33 0 43 46 25 23 5 0 29 44 8 26 9 22 35 41 14 42 5 19 31 36 36 24 10 13 0 40 46 37 38 17 47 1 29 21 20 27
55
3 36 16 1 46 47 35 7 43 33 42 32 38 12 9 18 4 38 17 25 16 15 37 29 21 27 2 34 41 42 25 19 35 24 30 34 5 28 11 6 13 28 14 4 31 22 20 26 40 10 44 45 18 39 14
[STDERR]


================================================================================
[TESTCASE=data_size_100.txt] [SCRIPT=local_greedy.py] [REP=4]
returncode: 0
runtime_seconds: 30.055960
wall_seconds: 30.055960
parsed_seconds: None
--------------------------------------------------------------------------------
[STDOUT]
1350
100
20 19 40 38 36 47 42 29 22 7 35 2 25 27 40 21 17 2 26 28 0 42 33 8 23 33 11 17 8 10 41 28 23 21 34 30 29 12 11 21 3 6 5 37 27 5 19 31 47 39 38 37 14 1 17 18 44 36 12 16 38 0 0 4 23 15 2 29 0 9 6 4 25 14 7 5 20 10 46 13 46 18 45 27 0 0 32 14 45 30 43 20 13 32 42 30 6 35 46 24
55
17 4 27 35 33 42 40 11 31 38 39 25 31 39 7 28 2 34 9 34 33 12 13 6 41 18 16 1 10 29 23 14 15 22 3 43 32 8 37 47 26 20 44 19 45 5 46 30 9 24 1 41 47 3 36
[STDERR]


================================================================================
[TESTCASE=data_size_100.txt] [SCRIPT=local_greedy.py] [REP=5]
returncode: 0
runtime_seconds: 30.057457
wall_seconds: 30.057457
parsed_seconds: None
--------------------------------------------------------------------------------
[STDOUT]
1367
100
8 14 40 41 21 29 21 27 26 26 31 17 43 0 33 19 9 17 37 2 29 21 30 16 10 30 39 11 43 12 9 14 44 19 32 42 27 14 47 15 1 22 2 36 2 34 47 7 0 12 5 7 15 8 23 36 7 4 30 28 39 20 4 46 38 3 13 27 24 0 35 23 43 18 13 29 24 17 31 34 18 44 10 41 15 9 22 1 25 46 6 0 19 45 37 0 0 42 5 35
55
25 41 8 42 6 21 12 24 35 23 16 43 33 33 7 2 17 32 47 37 30 26 34 20 26 40 38 15 44 27 10 18 3 14 36 22 45 11 39 4 1 6 8 19 13 29 5 46 34 16 31 9 28 20 31
[STDERR]


================================================================================
[TESTCASE=data_size_100.txt] [SCRIPT=multi_greedy.py] [REP=1]
returncode: 0
runtime_seconds: 9.869871
wall_seconds: 9.869871
parsed_seconds: None
--------------------------------------------------------------------------------
[STDOUT]
100
0 6 12 27 30 7 22 40 19 42 34 2 1 15 28 17 18 41 39 36 7 46 23 14 20 23 6 37 31 47 8 36 12 14 42 32 0 26 38 4 45 26 16 33 15 16 38 11 4 47 41 17 5 43 21 6 19 39 30 9 13 32 13 1 28 22 12 27 0 29 24 21 46 44 0 19 42 25 3 25 3 10 35 2 33 2 29 17 35 20 37 0 0 44 8 5 24 41 40 10
55
4 33 15 5 23 8 47 6 11 1 37 14 11 18 3 36 12 28 38 39 24 30 25 26 19 10 9 43 46 16 40 5 22 2 42 27 37 31 21 13 17 29 43 30 35 7 3 20 45 14 32 18 9 44 34
1322
[STDERR]


================================================================================
[TESTCASE=data_size_100.txt] [SCRIPT=multi_greedy.py] [REP=2]
returncode: 0
runtime_seconds: 10.921235
wall_seconds: 10.921235
parsed_seconds: None
--------------------------------------------------------------------------------
[STDOUT]
100
25 4 1 31 5 28 29 7 43 37 11 21 0 20 18 19 35 36 45 8 27 26 2 46 32 21 0 17 40 38 9 4 1 0 47 13 25 36 24 15 19 6 8 11 34 30 24 15 22 38 39 3 12 37 17 0 22 47 5 41 10 16 10 14 47 29 23 27 18 40 6 11 26 12 16 0 4 21 7 13 12 0 2 44 42 45 40 19 44 14 17 0 31 3 45 44 6 33 32 33
55
3 11 16 13 2 1 38 4 20 10 17 25 18 32 22 8 15 31 24 47 41 33 21 6 9 36 35 42 26 30 2 12 27 43 42 46 34 29 23 10 19 40 7 45 23 5 39 14 9 37 1 44 28 20 5
1340
[STDERR]


================================================================================
[TESTCASE=data_size_100.txt] [SCRIPT=multi_greedy.py] [REP=3]
returncode: 0
runtime_seconds: 9.886373
wall_seconds: 9.886373
parsed_seconds: None
--------------------------------------------------------------------------------
[STDOUT]
100
7 6 41 12 43 38 31 9 17 8 8 22 17 11 34 19 44 9 36 14 38 26 27 29 3 40 2 35 0 39 13 39 3 12 11 24 7 14 23 26 46 15 32 25 16 33 23 4 28 19 30 11 5 21 35 25 37 32 8 40 47 43 0 18 34 2 20 16 30 44 1 18 26 5 20 17 41 22 36 42 5 27 13 0 0 22 6 45 10 24 23 31 4 47 13 24 15 14 0 1
55
10 18 16 9 43 13 41 3 1 29 35 7 4 3 28 32 8 34 23 31 40 14 22 15 17 12 44 21 26 33 36 5 2 21 25 6 30 12 46 19 45 28 37 18 20 38 11 24 42 6 10 37 0 39 29
1345
[STDERR]


================================================================================
[TESTCASE=data_size_100.txt] [SCRIPT=multi_greedy.py] [REP=4]
returncode: 0
runtime_seconds: 10.262007
wall_seconds: 10.262007
parsed_seconds: None
--------------------------------------------------------------------------------
[STDOUT]
100
14 3 4 45 33 0 33 27 20 29 15 17 9 2 4 16 36 0 5 12 44 33 19 26 41 43 3 22 26 34 31 34 42 0 40 46 42 12 35 36 19 29 1 13 2 44 35 30 6 16 44 38 28 25 38 3 6 5 30 37 8 21 8 9 40 0 45 11 0 0 21 15 0 18 25 20 14 29 10 41 10 32 37 18 13 17 23 11 18 46 22 7 7 35 47 28 39 24 10 13
55
36 15 11 1 19 33 4 3 2 9 22 26 1 41 6 2 30 40 35 5 21 12 7 16 20 32 24 11 34 27 42 28 39 17 13 23 21 26 38 8 18 14 25 41 37 24 10 46 31 23 15 43 47 22 19
1313
[STDERR]


================================================================================
[TESTCASE=data_size_100.txt] [SCRIPT=multi_greedy.py] [REP=5]
returncode: 0
runtime_seconds: 10.957067
wall_seconds: 10.957067
parsed_seconds: None
--------------------------------------------------------------------------------
[STDOUT]
100
30 2 1 5 33 4 22 31 31 41 5 29 0 0 45 13 3 38 29 8 4 25 6 7 15 13 41 3 11 42 8 2 36 29 34 32 30 1 20 23 12 16 27 40 11 27 46 9 44 26 43 14 19 45 19 35 14 28 40 6 0 32 24 44 9 38 17 0 43 21 16 7 47 37 39 4 2 37 12 27 39 18 42 5 10 10 21 37 36 24 20 22 13 14 19 24 16 38 15 18
55
3 5 11 27 33 1 26 2 9 7 31 30 29 15 39 28 17 34 20 22 47 18 13 16 8 25 6 23 23 27 15 37 34 10 35 47 43 46 19 26 46 21 12 44 42 4 14 24 21 45 32 36 0 41 12
1383
[STDERR]



################################################################################
SUMMARY (only returncode==0)
################################################################################

== data_size_20.txt ==
- local_greedy.py: ok_runs=5, mean=30.049147s, median=30.044320s, min=30.042084s, max=30.062970s
- multi_greedy.py: ok_runs=5, mean=0.367148s, median=0.364803s, min=0.358662s, max=0.385171s

== data_size_25.txt ==
- local_greedy.py: ok_runs=5, mean=30.040310s, median=30.040365s, min=30.037985s, max=30.042889s
- multi_greedy.py: ok_runs=5, mean=0.518898s, median=0.512864s, min=0.503618s, max=0.547080s

== data_size_50.txt ==
- local_greedy.py: ok_runs=5, mean=30.044759s, median=30.041932s, min=30.040385s, max=30.058130s
- multi_greedy.py: ok_runs=5, mean=1.757980s, median=1.765433s, min=1.742467s, max=1.768045s

== data_size_80.txt ==
- local_greedy.py: ok_runs=5, mean=30.049563s, median=30.051446s, min=30.040078s, max=30.056564s
- multi_greedy.py: ok_runs=5, mean=7.355986s, median=7.540839s, min=6.540485s, max=7.932938s

== data_size_100.txt ==
- local_greedy.py: ok_runs=5, mean=30.056919s, median=30.057457s, min=30.054355s, max=30.059167s
- multi_greedy.py: ok_runs=5, mean=10.379311s, median=10.262007s, min=9.869871s, max=10.957067s
